STATIONS_ID;MESS_DATUM;QN;PP_10;TT_10;TM5_10;RF_10;TD_10
          3;199304281230;    1;  987.3;  24.9;  28.4;  23.0;   2.4
          3;199304281240;    1;  987.2;  24.9;  28.6;  21.0;   1.2
          3;199304281250;    1;  987.2;  25.5;  28.7;  20.0;   0.7
          3;199304281300;    1;  987.0;  25.8;  28.8;  20.0;   1.0
          3;199304281310;    1;  986.9;  25.8;  29.6;  20.0;   0.9
          3;199304281320;    1;  986.7;  25.7;  29.7;  19.0;   0.2
          3;199304281330;    1;  986.8;  26.0;  29.8;  20.0;   1.5
          3;199304281340;    1;  986.8;  26.1;  29.7;  18.0;   0.2
          3;199304281350;    1;  986.7;  27.0;  29.7;  19.0;   1.4
          3;199304281400;    1;  986.6;  26.5;  29.2;  17.0;  -0.4
          3;199304281410;    1;  986.5;  26.8;  30.1;  19.0;   1.6
          3;199304281420;    1;  986.4;  26.4;  28.9;  18.0;   0.4
          3;199304281430;    1;  986.4;  26.6;  29.5;  18.0;   0.5
          3;199304281440;    1;  986.3;  26.5;  29.0;  18.0;   0.6
          3;199304281450;    1;  986.2;  26.4;  28.6;  18.0;  -0.2
          3;199304281500;    121;  1986.2;  126.7;  129.3;  120.0;   11.6
          3;199304281510;    1;  986.1;  26.4;  29.0;  21.0;   2.0
          3;199304281520;    1;  986.0;  26.3;  28.9;  19.0;   0.9
          3;199304281530;    1;  985.9;  26.6;  29.0;  20.0;   2.0
          3;199304281540;    1;  985.8;  26.4;  28.9;  20.0;   1.5
          3;199304281550;    1;  985.8;  26.6;  28.7;  20.0;   1.8
          3;199304281600;    1;  985.8;  26.4;  28.2;  20.0;   1.9
          3;199304281610;    1;  985.7;  26.3;  27.9;  20.0;   1.3
          3;199304281620;    1;  985.6;  26.1;  27.4;  20.0;   1.4
          3;199304281630;    1;  985.6;  26.1;  27.5;  20.0;   1.4
          3;199304281640;    1;  985.6;  26.1;  27.2;  22.0;   3.0
          3;199304281650;    1;  985.6;  26.0;  26.7;  16.0;  -1.4
          3;199304281700;    1;  985.5;  25.8;  26.7;  18.0;  -0.6
          3;199304281710;    1;  985.5;  25.8;  26.5;  17.0;  -1.3
          3;199304281720;    1;  985.6;  25.5;  26.3;  19.0;   0.1
          3;199304281730;    1;  985.7;  25.3;  25.7;  18.0;  -0.5
          3;199304281740;    1;  985.6;  25.4;  25.4;  18.0;  -0.6
          3;199304281750;    1;  985.6;  25.1;  24.7;  18.0;  -0.9
          3;199304281800;    1;  985.6;  24.9;  24.0;  19.0;  -0.6
          3;199304281810;    1;  985.6;  24.6;  23.4;  19.0;  -0.4
          3;199304281820;    1;  985.7;  24.4;  23.0;  20.0;  -0.1
          3;199304281830;    1;  985.7;  24.2;  22.7;  19.0;  -0.8
          3;199304281840;    1;  985.8;  24.1;  22.8;  19.0;  -1.1
          3;199304281850;    1;  985.9;  23.7;  22.0;  21.0;   0.1
          3;199304281900;    1;  985.9;  23.5;  22.0;  21.0;   0.0
          3;199304281910;    1;  985.9;  23.3;  21.7;  21.0;   0.1
          3;199304281920;    1;  985.9;  23.1;  21.0;  23.0;   0.8
          3;199304281930;    1;  986.0;  22.6;  19.6;  24.0;   1.2
          3;199304281940;    1;  986.1;  22.1;  18.8;  25.0;   1.3
          3;199304281950;    1;  986.2;  21.4;  17.8;  27.0;   1.7
          3;199304282000;    1;  986.2;  20.9;  17.4;  28.0;   1.9
          3;199304282010;    1;  986.2;  20.5;  17.1;  29.0;   2.1
          3;199304282020;    1;  986.3;  19.9;  17.1;  31.0;   2.3
          3;199304282030;    1;  986.4;  19.4;  15.8;  32.0;   2.5
          3;199304282040;    1;  986.5;  19.2;  16.2;  34.0;   3.0
          3;199304282050;    1;  986.4;  18.9;  15.6;  35.0;   3.0
          3;199304282100;    1;  986.4;  18.6;  15.5;  36.0;   3.1
          3;199304282110;    1;  986.5;  18.2;  15.2;  37.0;   3.2
          3;199304282120;    1;  986.5;  18.0;  14.9;  37.0;   3.2
          3;199304282130;    1;  986.6;  17.9;  15.1;  38.0;   3.4
          3;199304282140;    1;  986.7;  18.1;  15.0;  37.0;   3.2
          3;199304282150;    1;  986.8;  17.9;  14.7;  38.0;   3.2
          3;199304282200;    1;  986.8;  17.7;  14.6;  38.0;   3.2
          3;199304282210;    1;  986.9;  17.4;  14.2;  39.0;   3.2
          3;199304282220;    1;  986.9;  17.1;  13.9;  40.0;   3.3
          3;199304282230;    1;  986.9;  16.9;  13.9;  40.0;   3.2
          3;199304282240;    1;  987.0;  16.7;  13.9;  41.0;   3.3
          3;199304282250;    1;  987.1;  16.5;  13.7;  41.0;   3.3
          3;199304282300;    1;  987.2;  16.3;  13.7;  42.0;   3.4
          3;199304282310;    1;  987.3;  16.2;  13.2;  43.0;   3.7
          3;199304282320;    1;  987.3;  16.0;  13.2;  44.0;   3.8
          3;199304282330;    1;  987.4;  16.0;  13.3;  44.0;   3.8
          3;199304282340;    1;  987.4;  15.9;  13.2;  45.0;   4.1
          3;199304282350;    1;  987.4;  15.8;  12.7;  45.0;   4.0
          3;199304290000;    1;  987.4;  15.7;  12.8;  46.0;   4.0
          3;199304290010;    1;  987.4;  15.7;  12.8;  46.0;   4.2
          3;199304290020;    1;  987.4;  15.6;  12.3;  46.0;   4.1
          3;199304290030;    1;  987.4;  15.6;  12.7;  47.0;   4.4
          3;199304290040;    1;  987.4;  15.4;  12.2;  47.0;   4.3
          3;199304290050;    1;  987.4;  15.2;  11.9;  48.0;   4.4
          3;199304290100;    1;  987.4;  15.1;  12.0;  49.0;   4.4
          3;199304290110;    1;  987.4;  14.9;  12.0;  50.0;   4.6
          3;199304290120;    1;  987.3;  14.8;  11.7;  50.0;   4.6
          3;199304290130;    1;  987.2;  14.7;  11.5;  50.0;   4.5
          3;199304290140;    1;  987.2;  14.6;  11.7;  51.0;   4.5
          3;199304290150;    1;  987.3;  14.4;  11.1;  52.0;   4.6
          3;199304290200;    1;  987.3;  14.4;  11.3;  52.0;   4.7
          3;199304290210;    1;  987.3;  14.3;  11.3;  52.0;   4.7
          3;199304290220;    1;  987.2;  14.3;  11.5;  53.0;   4.9
          3;199304290230;    1;  987.2;  14.3;  11.4;  54.0;   5.1
          3;199304290240;    1;  987.2;  14.3;  10.8;  53.0;   4.9
          3;199304290250;    1;  987.2;  14.2;  10.7;  54.0;   4.9
          3;199304290300;    1;  987.2;  14.1;  10.7;  55.0;   5.3
          3;199304290310;    1;  987.2;  14.0;  10.8;  56.0;   5.4
          3;199304290320;    1;  987.2;  13.8;  10.6;  55.0;   4.9
          3;199304290330;    1;  987.2;  13.7;  10.1;  56.0;   5.0
